Simulation time (in ms): 75
Number of voters in the network (N): 70
Percentage of very trust worthy voters (p): 20
Percentage of trustworthy voters (100-p-q): 70
Percentage of malicious voters (q): 10
Number of articles published for voting: 70
==============================================
ID,Type,Votes,Correct Votes,Incorrect Votes,Trustworthiness,Actual Correct Votes,Actual Incorrect Votes,Actual Trustworthiness
1,1,70,50,20,0.7143,50,20,0.7143
2,1,70,47,23,0.6714,47,23,0.6714
3,2,70,64,6,0.9143,64,6,0.9143
4,0,70,0,70,0.0000,0,70,0.0000
5,1,70,54,16,0.7714,54,16,0.7714
6,1,70,50,20,0.7143,50,20,0.7143
7,2,70,63,7,0.9000,63,7,0.9000
8,1,70,45,25,0.6429,45,25,0.6429
9,0,70,0,70,0.0000,0,70,0.0000
10,1,70,51,19,0.7286,51,19,0.7286
11,1,70,36,34,0.5143,36,34,0.5143
12,1,70,44,26,0.6286,44,26,0.6286
13,2,70,60,10,0.8571,60,10,0.8571
14,1,70,47,23,0.6714,47,23,0.6714
15,1,70,46,24,0.6571,46,24,0.6571
16,1,70,47,23,0.6714,47,23,0.6714
17,1,70,48,22,0.6857,48,22,0.6857
18,2,70,60,10,0.8571,60,10,0.8571
19,1,70,41,29,0.5857,41,29,0.5857
20,1,70,56,14,0.8000,56,14,0.8000
21,1,70,45,25,0.6429,45,25,0.6429
22,1,70,43,27,0.6143,43,27,0.6143
23,1,70,42,28,0.6000,42,28,0.6000
24,1,70,40,30,0.5714,40,30,0.5714
25,1,70,47,23,0.6714,47,23,0.6714
26,2,70,60,10,0.8571,60,10,0.8571
27,0,70,0,70,0.0000,0,70,0.0000
28,2,70,63,7,0.9000,63,7,0.9000
29,1,70,47,23,0.6714,47,23,0.6714
30,0,70,0,70,0.0000,0,70,0.0000
31,1,70,48,22,0.6857,48,22,0.6857
32,0,70,0,70,0.0000,0,70,0.0000
33,0,70,0,70,0.0000,0,70,0.0000
34,2,70,65,5,0.9286,65,5,0.9286
35,1,70,39,31,0.5571,39,31,0.5571
36,1,70,52,18,0.7429,52,18,0.7429
37,1,70,46,24,0.6571,46,24,0.6571
38,0,70,0,70,0.0000,0,70,0.0000
39,2,70,58,12,0.8286,58,12,0.8286
40,1,70,47,23,0.6714,47,23,0.6714
41,1,70,46,24,0.6571,46,24,0.6571
42,1,70,52,18,0.7429,52,18,0.7429
43,1,70,45,25,0.6429,45,25,0.6429
44,1,70,48,22,0.6857,48,22,0.6857
45,2,70,59,11,0.8429,59,11,0.8429
46,2,70,62,8,0.8857,62,8,0.8857
47,0,70,0,70,0.0000,0,70,0.0000
48,1,70,49,21,0.7000,49,21,0.7000
49,2,70,65,5,0.9286,65,5,0.9286
50,1,70,44,26,0.6286,44,26,0.6286
51,1,70,55,15,0.7857,55,15,0.7857
52,1,70,49,21,0.7000,49,21,0.7000
53,1,70,50,20,0.7143,50,20,0.7143
54,1,70,49,21,0.7000,49,21,0.7000
55,1,70,45,25,0.6429,45,25,0.6429
56,2,70,60,10,0.8571,60,10,0.8571
57,0,70,0,70,0.0000,0,70,0.0000
58,1,70,46,24,0.6571,46,24,0.6571
59,1,70,45,25,0.6429,45,25,0.6429
60,1,70,48,22,0.6857,48,22,0.6857
61,1,70,54,16,0.7714,54,16,0.7714
62,1,70,50,20,0.7143,50,20,0.7143
63,1,70,46,24,0.6571,46,24,0.6571
64,1,70,46,24,0.6571,46,24,0.6571
65,1,70,45,25,0.6429,45,25,0.6429
66,1,70,46,24,0.6571,46,24,0.6571
67,1,70,41,29,0.5857,41,29,0.5857
68,1,70,45,25,0.6429,45,25,0.6429
69,2,70,63,7,0.9000,63,7,0.9000
70,1,70,53,17,0.7571,53,17,0.7571
==============================================
Statistics
==============================================
Type,Number of Voters
0,9
1,48
2,13
==============================================
Type,Article's Count,Mean Trustworthiness,Mean Correct Votes,Mean Incorrect Votes
0,0,1.0000,0.0,0.0
0,50,0.0000,0.0,5.0
0,100,0.0000,0.0,10.0
0,150,0.0000,0.0,15.0
0,200,0.0000,0.0,20.0
0,250,0.0000,0.0,25.0
0,300,0.0000,0.0,30.0
0,350,0.0000,0.0,35.0
0,400,0.0000,0.0,40.0
0,450,0.0000,0.0,45.0
0,500,0.0000,0.0,50.0
0,550,0.0000,0.0,55.0
0,600,0.0000,0.0,60.0
0,650,0.0000,0.0,65.0
0,700,0.0000,0.0,70.0
1,0,1.0000,0.0,0.0
1,50,0.6375,3.1875,1.8125
1,100,0.6687,6.6875,3.3125
1,150,0.6597,9.895833333333334,5.104166666666667
1,200,0.6760,13.520833333333334,6.479166666666667
1,250,0.6858,17.145833333333332,7.854166666666667
1,300,0.6854,20.5625,9.4375
1,350,0.6869,24.041666666666668,10.958333333333334
1,400,0.6844,27.375,12.625
1,450,0.6843,30.791666666666668,14.208333333333334
1,500,0.6787,33.9375,16.0625
1,550,0.6723,36.979166666666664,18.020833333333332
1,600,0.6722,40.333333333333336,19.666666666666668
1,650,0.6708,43.604166666666664,21.395833333333332
1,700,0.6711,46.979166666666664,23.020833333333332
2,0,1.0000,0.0,0.0
2,50,0.9385,4.6923076923076925,0.3076923076923077
2,100,0.9154,9.153846153846153,0.8461538461538461
2,150,0.8769,13.153846153846153,1.8461538461538463
2,200,0.8692,17.384615384615383,2.6153846153846154
2,250,0.8800,22.0,3.0
2,300,0.8821,26.46153846153846,3.5384615384615383
2,350,0.8813,30.846153846153847,4.153846153846154
2,400,0.8827,35.30769230769231,4.6923076923076925
2,450,0.8821,39.69230769230769,5.3076923076923075
2,500,0.8800,44.0,6.0
2,550,0.8797,48.38461538461539,6.615384615384615
2,600,0.8756,52.53846153846154,7.461538461538462
2,650,0.8769,57.0,8.0
2,700,0.8813,61.69230769230769,8.307692307692308
==============================================
End of simulation
