Simulation time (in ms): 75
Number of voters in the network (N): 70
Percentage of very trust worthy voters (p): 20
Percentage of trustworthy voters (100-p-q): 30
Percentage of malicious voters (q): 50
Number of articles published for voting: 70
==============================================
ID,Type,Votes,Correct Votes,Incorrect Votes,Trustworthiness,Actual Correct Votes,Actual Incorrect Votes,Actual Trustworthiness
1,1,70,20,50,0.2857,50,20,0.7143
2,0,70,70,0,1.0000,0,70,0.0000
3,1,70,22,48,0.3143,48,22,0.6857
4,1,70,26,44,0.3714,44,26,0.6286
5,1,70,22,48,0.3143,48,22,0.6857
6,0,70,70,0,1.0000,0,70,0.0000
7,0,70,70,0,1.0000,0,70,0.0000
8,0,70,70,0,1.0000,0,70,0.0000
9,0,70,70,0,1.0000,0,70,0.0000
10,0,70,70,0,1.0000,0,70,0.0000
11,0,70,70,0,1.0000,0,70,0.0000
12,0,70,70,0,1.0000,0,70,0.0000
13,1,70,19,51,0.2714,51,19,0.7286
14,1,70,18,52,0.2571,52,18,0.7429
15,0,70,70,0,1.0000,0,70,0.0000
16,2,70,5,65,0.0714,65,5,0.9286
17,0,70,70,0,1.0000,0,70,0.0000
18,1,70,23,47,0.3286,47,23,0.6714
19,0,70,70,0,1.0000,0,70,0.0000
20,0,70,70,0,1.0000,0,70,0.0000
21,0,70,70,0,1.0000,0,70,0.0000
22,0,70,70,0,1.0000,0,70,0.0000
23,0,70,70,0,1.0000,0,70,0.0000
24,1,70,15,55,0.2143,55,15,0.7857
25,0,70,70,0,1.0000,0,70,0.0000
26,2,70,9,61,0.1286,61,9,0.8714
27,0,70,70,0,1.0000,0,70,0.0000
28,0,70,70,0,1.0000,0,70,0.0000
29,1,70,16,54,0.2286,54,16,0.7714
30,0,70,70,0,1.0000,0,70,0.0000
31,1,70,19,51,0.2714,51,19,0.7286
32,0,70,70,0,1.0000,0,70,0.0000
33,2,70,7,63,0.1000,63,7,0.9000
34,1,70,21,49,0.3000,49,21,0.7000
35,0,70,70,0,1.0000,0,70,0.0000
36,0,70,70,0,1.0000,0,70,0.0000
37,0,70,70,0,1.0000,0,70,0.0000
38,0,70,70,0,1.0000,0,70,0.0000
39,0,70,70,0,1.0000,0,70,0.0000
40,0,70,70,0,1.0000,0,70,0.0000
41,1,70,22,48,0.3143,48,22,0.6857
42,0,70,70,0,1.0000,0,70,0.0000
43,2,70,7,63,0.1000,63,7,0.9000
44,2,70,7,63,0.1000,63,7,0.9000
45,1,70,24,46,0.3429,46,24,0.6571
46,2,70,4,66,0.0571,66,4,0.9429
47,2,70,7,63,0.1000,63,7,0.9000
48,0,70,70,0,1.0000,0,70,0.0000
49,0,70,70,0,1.0000,0,70,0.0000
50,0,70,70,0,1.0000,0,70,0.0000
51,0,70,70,0,1.0000,0,70,0.0000
52,2,70,4,66,0.0571,66,4,0.9429
53,0,70,70,0,1.0000,0,70,0.0000
54,0,70,70,0,1.0000,0,70,0.0000
55,1,70,22,48,0.3143,48,22,0.6857
56,1,70,23,47,0.3286,47,23,0.6714
57,2,70,11,59,0.1571,59,11,0.8429
58,1,70,17,53,0.2429,53,17,0.7571
59,2,70,2,68,0.0286,68,2,0.9714
60,2,70,8,62,0.1143,62,8,0.8857
61,1,70,16,54,0.2286,54,16,0.7714
62,0,70,70,0,1.0000,0,70,0.0000
63,0,70,70,0,1.0000,0,70,0.0000
64,1,70,17,53,0.2429,53,17,0.7571
65,0,70,70,0,1.0000,0,70,0.0000
66,0,70,70,0,1.0000,0,70,0.0000
67,0,70,70,0,1.0000,0,70,0.0000
68,1,70,21,49,0.3000,49,21,0.7000
69,0,70,70,0,1.0000,0,70,0.0000
70,1,70,21,49,0.3000,49,21,0.7000
==============================================
Statistics
==============================================
Type,Number of Voters
0,39
1,20
2,11
==============================================
Type,Article's Count,Mean Trustworthiness,Mean Correct Votes,Mean Incorrect Votes
0,0,1.0000,0.0,0.0
0,50,1.0000,5.0,0.0
0,100,1.0000,10.0,0.0
0,150,1.0000,15.0,0.0
0,200,1.0000,20.0,0.0
0,250,1.0000,25.0,0.0
0,300,1.0000,30.0,0.0
0,350,1.0000,35.0,0.0
0,400,1.0000,40.0,0.0
0,450,1.0000,45.0,0.0
0,500,1.0000,50.0,0.0
0,550,1.0000,55.0,0.0
0,600,1.0000,60.0,0.0
0,650,1.0000,65.0,0.0
0,700,1.0000,70.0,0.0
1,0,1.0000,0.0,0.0
1,50,0.2600,1.3,3.7
1,100,0.2700,2.7,7.3
1,150,0.3067,4.6,10.4
1,200,0.3100,6.2,13.8
1,250,0.2960,7.4,17.6
1,300,0.2950,8.85,21.15
1,350,0.2971,10.4,24.6
1,400,0.2975,11.9,28.1
1,450,0.2922,13.15,31.85
1,500,0.2860,14.3,35.7
1,550,0.2864,15.75,39.25
1,600,0.2867,17.2,42.8
1,650,0.2862,18.6,46.4
1,700,0.2886,20.2,49.8
2,0,1.0000,0.0,0.0
2,50,0.0727,0.36363636363636365,4.636363636363637
2,100,0.0909,0.9090909090909091,9.090909090909092
2,150,0.1091,1.6363636363636365,13.363636363636363
2,200,0.1091,2.1818181818181817,17.818181818181817
2,250,0.1018,2.5454545454545454,22.454545454545453
2,300,0.0970,2.909090909090909,27.09090909090909
2,350,0.0935,3.272727272727273,31.727272727272727
2,400,0.0909,3.6363636363636362,36.36363636363637
2,450,0.0889,4.0,41.0
2,500,0.0855,4.2727272727272725,45.72727272727273
2,550,0.0926,5.090909090909091,49.90909090909091
2,600,0.0909,5.454545454545454,54.54545454545455
2,650,0.0881,5.7272727272727275,59.27272727272727
2,700,0.0922,6.454545454545454,63.54545454545455
==============================================
End of simulation
