Simulation time (in ms): 75
Number of voters in the network (N): 70
Percentage of very trust worthy voters (p): 30
Percentage of trustworthy voters (100-p-q): 50
Percentage of malicious voters (q): 20
Number of articles published for voting: 70
==============================================
ID,Type,Votes,Correct Votes,Incorrect Votes,Trustworthiness,Actual Correct Votes,Actual Incorrect Votes,Actual Trustworthiness
1,1,70,55,15,0.7857,55,15,0.7857
2,1,70,50,20,0.7143,50,20,0.7143
3,1,70,46,24,0.6571,46,24,0.6571
4,0,70,0,70,0.0000,0,70,0.0000
5,0,70,0,70,0.0000,0,70,0.0000
6,1,70,55,15,0.7857,55,15,0.7857
7,0,70,0,70,0.0000,0,70,0.0000
8,1,70,48,22,0.6857,48,22,0.6857
9,1,70,43,27,0.6143,43,27,0.6143
10,2,70,66,4,0.9429,66,4,0.9429
11,2,70,58,12,0.8286,58,12,0.8286
12,1,70,51,19,0.7286,51,19,0.7286
13,1,70,44,26,0.6286,44,26,0.6286
14,2,70,65,5,0.9286,65,5,0.9286
15,2,70,65,5,0.9286,65,5,0.9286
16,2,70,65,5,0.9286,65,5,0.9286
17,1,70,41,29,0.5857,41,29,0.5857
18,2,70,65,5,0.9286,65,5,0.9286
19,0,70,0,70,0.0000,0,70,0.0000
20,1,70,54,16,0.7714,54,16,0.7714
21,0,70,0,70,0.0000,0,70,0.0000
22,1,70,47,23,0.6714,47,23,0.6714
23,2,70,62,8,0.8857,62,8,0.8857
24,1,70,47,23,0.6714,47,23,0.6714
25,1,70,50,20,0.7143,50,20,0.7143
26,1,70,52,18,0.7429,52,18,0.7429
27,0,70,0,70,0.0000,0,70,0.0000
28,1,70,50,20,0.7143,50,20,0.7143
29,1,70,35,35,0.5000,35,35,0.5000
30,2,70,55,15,0.7857,55,15,0.7857
31,1,70,45,25,0.6429,45,25,0.6429
32,2,70,66,4,0.9429,66,4,0.9429
33,2,70,63,7,0.9000,63,7,0.9000
34,1,70,47,23,0.6714,47,23,0.6714
35,2,70,63,7,0.9000,63,7,0.9000
36,0,70,0,70,0.0000,0,70,0.0000
37,1,70,48,22,0.6857,48,22,0.6857
38,1,70,48,22,0.6857,48,22,0.6857
39,1,70,56,14,0.8000,56,14,0.8000
40,1,70,48,22,0.6857,48,22,0.6857
41,2,70,60,10,0.8571,60,10,0.8571
42,1,70,48,22,0.6857,48,22,0.6857
43,0,70,0,70,0.0000,0,70,0.0000
44,0,70,0,70,0.0000,0,70,0.0000
45,1,70,47,23,0.6714,47,23,0.6714
46,1,70,52,18,0.7429,52,18,0.7429
47,1,70,50,20,0.7143,50,20,0.7143
48,1,70,49,21,0.7000,49,21,0.7000
49,0,70,0,70,0.0000,0,70,0.0000
50,1,70,51,19,0.7286,51,19,0.7286
51,1,70,47,23,0.6714,47,23,0.6714
52,0,70,0,70,0.0000,0,70,0.0000
53,1,70,57,13,0.8143,57,13,0.8143
54,1,70,51,19,0.7286,51,19,0.7286
55,1,70,46,24,0.6571,46,24,0.6571
56,2,70,65,5,0.9286,65,5,0.9286
57,2,70,65,5,0.9286,65,5,0.9286
58,2,70,60,10,0.8571,60,10,0.8571
59,2,70,61,9,0.8714,61,9,0.8714
60,0,70,0,70,0.0000,0,70,0.0000
61,2,70,61,9,0.8714,61,9,0.8714
62,1,70,45,25,0.6429,45,25,0.6429
63,1,70,48,22,0.6857,48,22,0.6857
64,0,70,0,70,0.0000,0,70,0.0000
65,1,70,58,12,0.8286,58,12,0.8286
66,2,70,58,12,0.8286,58,12,0.8286
67,2,70,62,8,0.8857,62,8,0.8857
68,1,70,50,20,0.7143,50,20,0.7143
69,2,70,58,12,0.8286,58,12,0.8286
70,1,70,44,26,0.6286,44,26,0.6286
==============================================
Statistics
==============================================
Type,Number of Voters
0,13
1,37
2,20
==============================================
Type,Article's Count,Mean Trustworthiness,Mean Correct Votes,Mean Incorrect Votes
0,0,1.0000,0.0,0.0
0,50,0.0000,0.0,5.0
0,100,0.0000,0.0,10.0
0,150,0.0000,0.0,15.0
0,200,0.0000,0.0,20.0
0,250,0.0000,0.0,25.0
0,300,0.0000,0.0,30.0
0,350,0.0000,0.0,35.0
0,400,0.0000,0.0,40.0
0,450,0.0000,0.0,45.0
0,500,0.0000,0.0,50.0
0,550,0.0000,0.0,55.0
0,600,0.0000,0.0,60.0
0,650,0.0000,0.0,65.0
0,700,0.0000,0.0,70.0
1,0,1.0000,0.0,0.0
1,50,0.6757,3.3783783783783785,1.6216216216216217
1,100,0.6811,6.8108108108108105,3.189189189189189
1,150,0.6775,10.162162162162161,4.837837837837838
1,200,0.6770,13.54054054054054,6.45945945945946
1,250,0.6800,17.0,8.0
1,300,0.6820,20.45945945945946,9.54054054054054
1,350,0.6888,24.10810810810811,10.891891891891891
1,400,0.6959,27.83783783783784,12.162162162162161
1,450,0.6967,31.35135135135135,13.64864864864865
1,500,0.6984,34.91891891891892,15.08108108108108
1,550,0.7002,38.513513513513516,16.486486486486488
1,600,0.6964,41.78378378378378,18.216216216216218
1,650,0.6952,45.189189189189186,19.81081081081081
1,700,0.6961,48.729729729729726,21.27027027027027
2,0,1.0000,0.0,0.0
2,50,0.8700,4.35,0.65
2,100,0.8800,8.8,1.2
2,150,0.8867,13.3,1.7
2,200,0.8850,17.7,2.3
2,250,0.8840,22.1,2.9
2,300,0.8767,26.3,3.7
2,350,0.8871,31.05,3.95
2,400,0.8875,35.5,4.5
2,450,0.8922,40.15,4.85
2,500,0.8920,44.6,5.4
2,550,0.8909,49.0,6.0
2,600,0.8900,53.4,6.6
2,650,0.8885,57.75,7.25
2,700,0.8879,62.15,7.85
==============================================
End of simulation
