Simulation time (in ms): 75
Number of voters in the network (N): 70
Percentage of very trust worthy voters (p): 40
Percentage of trustworthy voters (100-p-q): 30
Percentage of malicious voters (q): 30
Number of articles published for voting: 70
==============================================
ID,Type,Votes,Correct Votes,Incorrect Votes,Trustworthiness,Actual Correct Votes,Actual Incorrect Votes,Actual Trustworthiness
1,2,70,61,9,0.8714,61,9,0.8714
2,2,70,63,7,0.9000,63,7,0.9000
3,1,70,47,23,0.6714,47,23,0.6714
4,0,70,0,70,0.0000,0,70,0.0000
5,1,70,50,20,0.7143,50,20,0.7143
6,0,70,0,70,0.0000,0,70,0.0000
7,0,70,0,70,0.0000,0,70,0.0000
8,2,70,66,4,0.9429,66,4,0.9429
9,2,70,61,9,0.8714,61,9,0.8714
10,0,70,0,70,0.0000,0,70,0.0000
11,1,70,47,23,0.6714,47,23,0.6714
12,1,70,44,26,0.6286,44,26,0.6286
13,2,70,65,5,0.9286,65,5,0.9286
14,0,70,0,70,0.0000,0,70,0.0000
15,2,70,64,6,0.9143,64,6,0.9143
16,1,70,60,10,0.8571,60,10,0.8571
17,2,70,64,6,0.9143,64,6,0.9143
18,0,70,0,70,0.0000,0,70,0.0000
19,0,70,0,70,0.0000,0,70,0.0000
20,0,70,0,70,0.0000,0,70,0.0000
21,0,70,0,70,0.0000,0,70,0.0000
22,1,70,50,20,0.7143,50,20,0.7143
23,1,70,47,23,0.6714,47,23,0.6714
24,2,70,61,9,0.8714,61,9,0.8714
25,1,70,47,23,0.6714,47,23,0.6714
26,1,70,45,25,0.6429,45,25,0.6429
27,0,70,0,70,0.0000,0,70,0.0000
28,2,70,56,14,0.8000,56,14,0.8000
29,0,70,0,70,0.0000,0,70,0.0000
30,0,70,0,70,0.0000,0,70,0.0000
31,0,70,0,70,0.0000,0,70,0.0000
32,2,70,66,4,0.9429,66,4,0.9429
33,0,70,0,70,0.0000,0,70,0.0000
34,1,70,45,25,0.6429,45,25,0.6429
35,2,70,63,7,0.9000,63,7,0.9000
36,2,70,62,8,0.8857,62,8,0.8857
37,1,70,50,20,0.7143,50,20,0.7143
38,0,70,0,70,0.0000,0,70,0.0000
39,1,70,55,15,0.7857,55,15,0.7857
40,0,70,0,70,0.0000,0,70,0.0000
41,1,70,48,22,0.6857,48,22,0.6857
42,0,70,0,70,0.0000,0,70,0.0000
43,0,70,0,70,0.0000,0,70,0.0000
44,0,70,0,70,0.0000,0,70,0.0000
45,1,70,47,23,0.6714,47,23,0.6714
46,1,70,48,22,0.6857,48,22,0.6857
47,1,70,45,25,0.6429,45,25,0.6429
48,1,70,50,20,0.7143,50,20,0.7143
49,2,70,61,9,0.8714,61,9,0.8714
50,2,70,62,8,0.8857,62,8,0.8857
51,2,70,65,5,0.9286,65,5,0.9286
52,2,70,63,7,0.9000,63,7,0.9000
53,1,70,53,17,0.7571,53,17,0.7571
54,1,70,47,23,0.6714,47,23,0.6714
55,1,70,51,19,0.7286,51,19,0.7286
56,2,70,66,4,0.9429,66,4,0.9429
57,2,70,65,5,0.9286,65,5,0.9286
58,2,70,64,6,0.9143,64,6,0.9143
59,1,70,49,21,0.7000,49,21,0.7000
60,1,70,48,22,0.6857,48,22,0.6857
61,1,70,47,23,0.6714,47,23,0.6714
62,2,70,69,1,0.9857,69,1,0.9857
63,1,70,50,20,0.7143,50,20,0.7143
64,2,70,64,6,0.9143,64,6,0.9143
65,2,70,62,8,0.8857,62,8,0.8857
66,2,70,66,4,0.9429,66,4,0.9429
67,2,70,64,6,0.9143,64,6,0.9143
68,1,70,56,14,0.8000,56,14,0.8000
69,1,70,49,21,0.7000,49,21,0.7000
70,0,70,0,70,0.0000,0,70,0.0000
==============================================
Statistics
==============================================
Type,Number of Voters
0,20
1,26
2,24
==============================================
Type,Article's Count,Mean Trustworthiness,Mean Correct Votes,Mean Incorrect Votes
0,0,1.0000,0.0,0.0
0,50,0.0000,0.0,5.0
0,100,0.0000,0.0,10.0
0,150,0.0000,0.0,15.0
0,200,0.0000,0.0,20.0
0,250,0.0000,0.0,25.0
0,300,0.0000,0.0,30.0
0,350,0.0000,0.0,35.0
0,400,0.0000,0.0,40.0
0,450,0.0000,0.0,45.0
0,500,0.0000,0.0,50.0
0,550,0.0000,0.0,55.0
0,600,0.0000,0.0,60.0
0,650,0.0000,0.0,65.0
0,700,0.0000,0.0,70.0
1,0,1.0000,0.0,0.0
1,50,0.6846,3.423076923076923,1.5769230769230769
1,100,0.6769,6.769230769230769,3.230769230769231
1,150,0.6769,10.153846153846153,4.846153846153846
1,200,0.6788,13.576923076923077,6.423076923076923
1,250,0.6892,17.23076923076923,7.769230769230769
1,300,0.6846,20.53846153846154,9.461538461538462
1,350,0.6868,24.03846153846154,10.961538461538462
1,400,0.6846,27.384615384615383,12.615384615384615
1,450,0.6915,31.115384615384617,13.884615384615385
1,500,0.6962,34.80769230769231,15.192307692307692
1,550,0.6993,38.46153846153846,16.53846153846154
1,600,0.7006,42.03846153846154,17.96153846153846
1,650,0.6994,45.46153846153846,19.53846153846154
1,700,0.7005,49.03846153846154,20.96153846153846
2,0,1.0000,0.0,0.0
2,50,0.9333,4.666666666666667,0.3333333333333333
2,100,0.9292,9.291666666666666,0.7083333333333334
2,150,0.9222,13.833333333333334,1.1666666666666667
2,200,0.9250,18.5,1.5
2,250,0.9183,22.958333333333332,2.0416666666666665
2,300,0.9181,27.541666666666668,2.4583333333333335
2,350,0.9155,32.041666666666664,2.9583333333333335
2,400,0.9177,36.708333333333336,3.2916666666666665
2,450,0.9157,41.208333333333336,3.7916666666666665
2,500,0.9158,45.791666666666664,4.208333333333333
2,550,0.9144,50.291666666666664,4.708333333333333
2,600,0.9125,54.75,5.25
2,650,0.9064,58.916666666666664,6.083333333333333
2,700,0.9065,63.458333333333336,6.541666666666667
==============================================
End of simulation
