Simulation time (in ms): 75
Number of voters in the network (N): 70
Percentage of very trust worthy voters (p): 10
Percentage of trustworthy voters (100-p-q): 50
Percentage of malicious voters (q): 40
Number of articles published for voting: 70
==============================================
ID,Type,Votes,Correct Votes,Incorrect Votes,Trustworthiness,Actual Correct Votes,Actual Incorrect Votes,Actual Trustworthiness
1,2,70,8,62,0.1143,62,8,0.8857
2,2,70,8,62,0.1143,62,8,0.8857
3,1,70,17,53,0.2429,53,17,0.7571
4,1,70,16,54,0.2286,54,16,0.7714
5,1,70,16,54,0.2286,54,16,0.7714
6,0,70,70,0,1.0000,0,70,0.0000
7,1,70,20,50,0.2857,50,20,0.7143
8,1,70,18,52,0.2571,52,18,0.7429
9,1,70,24,46,0.3429,46,24,0.6571
10,2,70,7,63,0.1000,63,7,0.9000
11,0,70,70,0,1.0000,0,70,0.0000
12,1,70,27,43,0.3857,43,27,0.6143
13,1,70,17,53,0.2429,53,17,0.7571
14,0,70,70,0,1.0000,0,70,0.0000
15,0,70,70,0,1.0000,0,70,0.0000
16,1,70,22,48,0.3143,48,22,0.6857
17,1,70,24,46,0.3429,46,24,0.6571
18,1,70,22,48,0.3143,48,22,0.6857
19,1,70,22,48,0.3143,48,22,0.6857
20,1,70,20,50,0.2857,50,20,0.7143
21,1,70,16,54,0.2286,54,16,0.7714
22,1,70,24,46,0.3429,46,24,0.6571
23,1,70,19,51,0.2714,51,19,0.7286
24,1,70,26,44,0.3714,44,26,0.6286
25,0,70,70,0,1.0000,0,70,0.0000
26,0,70,70,0,1.0000,0,70,0.0000
27,1,70,25,45,0.3571,45,25,0.6429
28,0,70,70,0,1.0000,0,70,0.0000
29,1,70,21,49,0.3000,49,21,0.7000
30,1,70,19,51,0.2714,51,19,0.7286
31,1,70,23,47,0.3286,47,23,0.6714
32,0,70,70,0,1.0000,0,70,0.0000
33,1,70,18,52,0.2571,52,18,0.7429
34,0,70,70,0,1.0000,0,70,0.0000
35,2,70,8,62,0.1143,62,8,0.8857
36,1,70,24,46,0.3429,46,24,0.6571
37,2,70,7,63,0.1000,63,7,0.9000
38,1,70,22,48,0.3143,48,22,0.6857
39,0,70,70,0,1.0000,0,70,0.0000
40,2,70,7,63,0.1000,63,7,0.9000
41,0,70,70,0,1.0000,0,70,0.0000
42,1,70,21,49,0.3000,49,21,0.7000
43,1,70,17,53,0.2429,53,17,0.7571
44,1,70,22,48,0.3143,48,22,0.6857
45,0,70,70,0,1.0000,0,70,0.0000
46,2,70,8,62,0.1143,62,8,0.8857
47,0,70,70,0,1.0000,0,70,0.0000
48,0,70,70,0,1.0000,0,70,0.0000
49,1,70,19,51,0.2714,51,19,0.7286
50,1,70,21,49,0.3000,49,21,0.7000
51,1,70,19,51,0.2714,51,19,0.7286
52,1,70,26,44,0.3714,44,26,0.6286
53,0,70,70,0,1.0000,0,70,0.0000
54,0,70,70,0,1.0000,0,70,0.0000
55,0,70,70,0,1.0000,0,70,0.0000
56,1,70,18,52,0.2571,52,18,0.7429
57,0,70,70,0,1.0000,0,70,0.0000
58,0,70,70,0,1.0000,0,70,0.0000
59,0,70,70,0,1.0000,0,70,0.0000
60,0,70,70,0,1.0000,0,70,0.0000
61,0,70,70,0,1.0000,0,70,0.0000
62,1,70,15,55,0.2143,55,15,0.7857
63,0,70,70,0,1.0000,0,70,0.0000
64,0,70,70,0,1.0000,0,70,0.0000
65,0,70,70,0,1.0000,0,70,0.0000
66,1,70,25,45,0.3571,45,25,0.6429
67,0,70,70,0,1.0000,0,70,0.0000
68,0,70,70,0,1.0000,0,70,0.0000
69,2,70,11,59,0.1571,59,11,0.8429
70,1,70,28,42,0.4000,42,28,0.6000
==============================================
Statistics
==============================================
Type,Number of Voters
0,27
1,35
2,8
==============================================
Type,Article's Count,Mean Trustworthiness,Mean Correct Votes,Mean Incorrect Votes
0,0,1.0000,0.0,0.0
0,50,1.0000,5.0,0.0
0,100,1.0000,10.0,0.0
0,150,1.0000,15.0,0.0
0,200,1.0000,20.0,0.0
0,250,1.0000,25.0,0.0
0,300,1.0000,30.0,0.0
0,350,1.0000,35.0,0.0
0,400,1.0000,40.0,0.0
0,450,1.0000,45.0,0.0
0,500,1.0000,50.0,0.0
0,550,1.0000,55.0,0.0
0,600,1.0000,60.0,0.0
0,650,1.0000,65.0,0.0
0,700,1.0000,70.0,0.0
1,0,1.0000,0.0,0.0
1,50,0.2800,1.4,3.6
1,100,0.2600,2.6,7.4
1,150,0.2743,4.114285714285714,10.885714285714286
1,200,0.2814,5.628571428571429,14.371428571428572
1,250,0.2789,6.9714285714285715,18.02857142857143
1,300,0.2857,8.571428571428571,21.428571428571427
1,350,0.2882,10.085714285714285,24.914285714285715
1,400,0.2943,11.771428571428572,28.228571428571428
1,450,0.2933,13.2,31.8
1,500,0.2954,14.771428571428572,35.22857142857143
1,550,0.2987,16.428571428571427,38.57142857142857
1,600,0.2952,17.714285714285715,42.285714285714285
1,650,0.2967,19.285714285714285,45.714285714285715
1,700,0.2992,20.942857142857143,49.05714285714286
2,0,1.0000,0.0,0.0
2,50,0.1750,0.875,4.125
2,100,0.1625,1.625,8.375
2,150,0.1333,2.0,13.0
2,200,0.1375,2.75,17.25
2,250,0.1200,3.0,22.0
2,300,0.1125,3.375,26.625
2,350,0.1071,3.75,31.25
2,400,0.1188,4.75,35.25
2,450,0.1222,5.5,39.5
2,500,0.1225,6.125,43.875
2,550,0.1205,6.625,48.375
2,600,0.1208,7.25,52.75
2,650,0.1173,7.625,57.375
2,700,0.1143,8.0,62.0
==============================================
End of simulation
